X[1] = (0.00682426,-0.00926268)
X[2] = (0.0273953,0.00388535)
X[3] = (0.00844522,-0.00454743)
X[4] = (0.0108108,0.0121433)
X[5] = (0.0131357,-0.00782031)
X[6] = (0.0234013,-0.00197636)
X[7] = (0.0185214,0.0151216)
X[8] = (0.00785645,-0.0126407)
X[9] = (0.00561771,0.0144819)
X[10] = (0.000835579,0.00638889)
X[11] = (-0.00902312,-0.000129666)
X[12] = (0.0195425,0.00143864)
X[13] = (-0.00171598,0.00568705)
X[14] = (-0.00092798,-0.0106053)
X[15] = (0.0101584,0.0140928)
X[16] = (0.01435,-0.00372071)
X[17] = (0.011702,-0.00363069)
X[18] = (0.0265641,-0.00315442)
X[19] = (0.0112447,0.0107234)
X[20] = (0.0129979,-0.00895896)
X[21] = (0.00942151,-0.000707242)
X[22] = (0.00917744,0.00905988)
X[23] = (0.00729212,-0.0143465)
X[24] = (0.0130044,0.0142657)
X[25] = (0.0145272,0.000250941)
X[26] = (0.0200976,-0.0117061)
X[27] = (0.0203623,-0.00963555)
X[28] = (0.0145172,0.0116494)
X[29] = (-0.00537009,0.0017394)
X[30] = (0.00866377,0.00679664)
X[31] = (0.0028464,-0.00399023)
X[32] = (-0.00153114,-0.00781416)
X[33] = (0.000970145,0.00399853)
X[34] = (0.01392,-0.0144477)
X[35] = (0.0203254,0.00493545)
X[36] = (0.0104984,0.0102301)
X[37] = (0.00388804,-0.013492)
X[38] = (0.00733076,0.0126458)
X[39] = (5.83424e-05,0.00410616)
X[40] = (0.00279633,-0.0126184)
X[41] = (0.0117558,-0.00155882)
X[42] = (0.0129232,0.00282926)
X[43] = (0.0249568,-0.00264901)
X[44] = (0.0126304,0.0109966)
X[45] = (0.00307034,0.00636749)
X[46] = (0.0195684,0.00594686)
X[47] = (-0.00226735,0.000688552)
X[48] = (-0.00384737,0.00139558)
X[49] = (0.0104985,-0.00334613)
X[50] = (0.0197914,-0.00342294)
