X[1] = (0.00680881,-0.00922648)
X[2] = (0.0273799,0.00392309)
X[3] = (0.00842693,-0.00450954)
X[4] = (0.0107927,0.0121832)
X[5] = (0.0131153,-0.00778175)
X[6] = (0.0233808,-0.00193737)
X[7] = (0.0185017,0.0151584)
X[8] = (0.00783598,-0.0126036)
X[9] = (0.00559638,0.014519)
X[10] = (0.000814894,0.0064236)
X[11] = (-0.00904549,-9.22172e-05)
X[12] = (0.0195178,0.00147663)
X[13] = (-0.00174022,0.00572486)
X[14] = (-0.00095208,-0.0105691)
X[15] = (0.0101351,0.0141275)
X[16] = (0.0143212,-0.00368397)
X[17] = (0.0116753,-0.00359402)
X[18] = (0.0265369,-0.00311808)
X[19] = (0.0112171,0.0107621)
X[20] = (0.012967,-0.00892386)
X[21] = (0.00939205,-0.000668639)
X[22] = (0.00914382,0.00909543)
X[23] = (0.00725937,-0.0143094)
X[24] = (0.0129704,0.0143025)
X[25] = (0.0144946,0.000287458)
X[26] = (0.0200638,-0.0116706)
X[27] = (0.0203264,-0.00959946)
X[28] = (0.0144806,0.0116854)
X[29] = (-0.00540578,0.00177544)
X[30] = (0.00862648,0.00683309)
X[31] = (0.00281086,-0.00395351)
X[32] = (-0.00156781,-0.00777906)
X[33] = (0.00093268,0.00403381)
X[34] = (0.0138829,-0.0144111)
X[35] = (0.0202889,0.00497256)
X[36] = (0.010462,0.0102661)
X[37] = (0.00385232,-0.0134566)
X[38] = (0.0072939,0.0126821)
X[39] = (2.37019e-05,0.0041417)
X[40] = (0.00276032,-0.0125832)
X[41] = (0.0117195,-0.00152322)
X[42] = (0.0128876,0.00286441)
X[43] = (0.0249226,-0.00261304)
X[44] = (0.0125959,0.0110324)
X[45] = (0.00303608,0.00640363)
X[46] = (0.019535,0.00598241)
X[47] = (-0.00230139,0.000724126)
X[48] = (-0.00387983,0.0014306)
X[49] = (0.0104656,-0.00331065)
X[50] = (0.019759,-0.00338649)
