X[1] = (0.00684007,-0.00926268)
X[2] = (0.0274106,0.00388726)
X[3] = (0.00845776,-0.00454643)
X[4] = (0.0108242,0.0121464)
X[5] = (0.0131466,-0.0078181)
X[6] = (0.0234126,-0.00197425)
X[7] = (0.0185336,0.0151222)
X[8] = (0.00786758,-0.0126402)
X[9] = (0.00562729,0.0144825)
X[10] = (0.000845617,0.00638743)
X[11] = (-0.00901384,-0.000128255)
X[12] = (0.0195496,0.00144081)
X[13] = (-0.00170894,0.00568919)
X[14] = (-0.000921157,-0.0106056)
X[15] = (0.0101659,0.0140914)
X[16] = (0.0143526,-0.00372011)
X[17] = (0.0117059,-0.00363059)
X[18] = (0.0265677,-0.0031534)
X[19] = (0.0112477,0.0107261)
X[20] = (0.0129979,-0.00896035)
X[21] = (0.00942311,-0.000705327)
X[22] = (0.00917471,0.00905954)
X[23] = (0.00729072,-0.0143458)
X[24] = (0.0130015,0.0142658)
X[25] = (0.0145254,0.000251477)
X[26] = (0.0200946,-0.0117062)
X[27] = (0.0203581,-0.00963559)
X[28] = (0.0145124,0.0116485)
X[29] = (-0.00537428,0.00173931)
X[30] = (0.00865842,0.0067966)
X[31] = (0.0028417,-0.0039899)
X[32] = (-0.0015361,-0.00781472)
X[33] = (0.000964505,0.00399801)
X[34] = (0.0139149,-0.0144477)
X[35] = (0.02032,0.00493573)
X[36] = (0.0104938,0.0102301)
X[37] = (0.00388375,-0.0134927)
X[38] = (0.0073254,0.0126458)
X[39] = (5.46178e-05,0.00410554)
X[40] = (0.00279174,-0.0126197)
X[41] = (0.0117513,-0.00155911)
X[42] = (0.0129191,0.00282796)
X[43] = (0.0249539,-0.00264923)
X[44] = (0.0126274,0.0109956)
X[45] = (0.0030673,0.00636716)
X[46] = (0.0195657,0.00594683)
X[47] = (-0.00226954,0.00068726)
X[48] = (-0.00384864,0.00139463)
X[49] = (0.0104973,-0.00334688)
X[50] = (0.0197903,-0.00342282)
